example

TrainDatabasePath =

..\LDAIMAGES\Change\ss_resize

Database, T:

T =

   112   195   108   198   127   112   112   112   195   108   198   127
   101   199    52   209   110   101   101   101   199    52   209   110
    96   200    29   215   102    96    96    96   200    29   215   102
    97   197    43   219   101    97    97    97   197    43   219   101
    98   194    93   219   109    98    98    98   194    93   219   109
    98   183    94   216   108    98    98    98   183    94   216   108
   110   167    53   206   117   110   110   110   167    53   206   117
   114   223    69   218   134   114   114   114   223    69   218   134
   104   220    27   219   111   104   104   104   220    27   219   111
    83   198    62   214    93    83    83    83   198    62   214    93
    66   133   111   206    80    66    66    66   133   111   206    80
    66   161    78   226    91    66    66    66   161    78   226    91
   103   199    36   229   114   103   103   103   199    36   229   114
   117   194    55   232   124   117   117   117   194    55   232   124
   117   237    32   223   136   117   117   117   237    32   223   136
    97   233    90   141    90    97    97    97   233    90   141    90
    49    86   144    56    82    49    49    49    86   144    56    82
    63    58   162    51    97    63    63    63    58   162    51    97
    50    64   126   114    95    50    50    50    64   126   114    95
    70   121    40   210    88    70    70    70   121    40   210    88
   124   206    47   236   127   124   124   124   206    47   236   127
   119   248    29   213   140   119   119   119   248    29   213   140
    82   244    96    59    84    82    82    82   244    96    59    84
   110    76   146    97   121   110   110   110    76   146    97   121
   168    82   141   112   150   168   168   168    82   141   112   150
   118    71   114    85   130   118   118   118    71   114    85   130
    58   111    37   100    85    58    58    58   111    37   100    85
   119   213    29   239   128   119   119   119   213    29   239   128
   122   251    59   207   135   122   122   122   251    59   207   135
    94   251    28    59   111    94    94    94   251    28    59   111
   109   101    79    91   131   109   109   109   101    79    91   131
   119    68    46   114   125   119   119   119    68    46   114   125
   129    63    74    81   129   129   129   129    63    74    81   129
    78   143    77    72    90    78    78    78   143    77    72    90
    97   216    67   240   114    97    97    97   216    67   240   114
   122   252   114   230   131   122   122   122   252   114   230   131
   110   251    68    92   114   110   110   110   251    68    92   114
   105   190    99   112   133   105   105   105   190    99   112   133
   124    60   103   105   120   124   124   124    60   103   105   120
   127    63    82    94   130   127   127   127    63    82    94   130
    66   174    97   159    84    66    66    66   174    97   159    84
    93   220    72   246   104    93    93    93   220    72   246   104
   120   120   161   231   135   120   120   120   120   161   231   135
   107    85    54   169   129   107   107   107    85    54   169   129
   102    94    52    87   117   102   102   102    94    52    87   117
   120    60    70    84   120   120   120   120    60    70    84   120
   114    66    61    94   112   114   114   114    66    61    94   112
    70   112   112   231    61    70    70    70   112   112   231    61
   111   118    71   249   115   111   111   111   118    71   249   115
   121    75   156   234   218   121   121   121    75   156   234   218
   141    74    93   209   215   141   141   141    74    93   209   215
   193    85    66    79   160   193   193   193    85    66    79   160
   143    77    79    77   137   143   143   143    77    79    77   137
   136    71    74    90   147   136   136   136    71    74    90   147
   167    89   126   212   179   167   167   167    89   126   212   179
   162    92    73   250   177   162   162   162    92    73   250   177
   208    68    96   167   241   208   208   208    68    96   167   241
   247    71    87   122   222   247   247   247    71    87   122   222
   239    75    39    82   206   239   239   239    75    39    82   206
   208    88    32    78   166   208   208   208    88    32    78   166
   183    96    78    78   196   183   183   183    96    78    78   196
   241    74   152   138   216   241   241   241    74   152   138   216
   249    74   123   137   241   249   249   249    74   123   137   241
   254    58    72    94   237   254   254   254    58    72    94   237
   252    71   101   119   215   252   252   252    71   101   119   215
   253    64    50    94   202   253   253   253    64    50    94   202
   252    73    36    66   213   252   252   252    73    36    66   213
   246    76    45    95   209   246   246   246    76    45    95   209
   251    64   147   116   212   251   251   251    64   147   116   212
   254    69    97    90   234   254   254   254    69    97    90   234


m_database =

  142.0000
  128.6667
  123.0000
  125.6667
  135.1667
  132.8333
  127.1667
  145.3333
  130.8333
  122.1667
  110.3333
  114.6667
  130.6667
  139.8333
  143.6667
  124.6667
   77.6667
   82.3333
   83.1667
   99.8333
  144.0000
  144.6667
  107.8333
  110.0000
  136.8333
  106.0000
   74.8333
  141.1667
  149.3333
  106.1667
  103.3333
   98.5000
  100.8333
   89.6667
  138.5000
  161.8333
  124.1667
  124.0000
  106.0000
  103.8333
  107.6667
  138.0000
  147.8333
  108.5000
   92.3333
   95.6667
   93.5000
  109.3333
  129.1667
  154.1667
  145.5000
  129.3333
  109.3333
  109.0000
  156.6667
  152.6667
  164.6667
  166.0000
  146.6667
  130.0000
  135.6667
  177.0000
  178.8333
  161.5000
  168.3333
  152.6667
  148.6667
  152.8333
  173.5000
  166.3333


A =

