M = 
6 6
0.000000 1.000000 2.000000 3.000000 4.000000 5.000000 
6.000000 7.000000 8.000000 9.000000 10.000000 11.000000 
12.000000 13.000000 14.000000 15.000000 16.000000 17.000000 
18.000000 19.000000 20.000000 21.000000 22.000000 23.000000 
24.000000 25.000000 26.000000 27.000000 28.000000 29.000000 
30.000000 31.000000 32.000000 33.000000 34.000000 35.000000 

-------------Test Group 2.0.0 -------------
m_flipCols(M) = 
6 6
5.000000 4.000000 3.000000 2.000000 1.000000 0.000000 
11.000000 10.000000 9.000000 8.000000 7.000000 6.000000 
17.000000 16.000000 15.000000 14.000000 13.000000 12.000000 
23.000000 22.000000 21.000000 20.000000 19.000000 18.000000 
29.000000 28.000000 27.000000 26.000000 25.000000 24.000000 
35.000000 34.000000 33.000000 32.000000 31.000000 30.000000 
m_normalize(M) = 
6 6
0.000000 0.028571 0.057143 0.085714 0.114286 0.142857 
0.171429 0.200000 0.228571 0.257143 0.285714 0.314286 
0.342857 0.371429 0.400000 0.428571 0.457143 0.485714 
0.514286 0.542857 0.571429 0.600000 0.628571 0.657143 
0.685714 0.714286 0.742857 0.771429 0.800000 0.828571 
0.857143 0.885714 0.914286 0.942857 0.971429 1.000000 
m_normalize(M)
m_elem_mult(M, 35) =
6 6
0.000000 1.000000 2.000000 3.000000 4.000000 5.000000 
6.000000 7.000000 8.000000 9.000000 10.000000 11.000000 
12.000000 13.000000 14.000000 15.000000 16.000000 17.000000 
18.000000 19.000000 20.000000 21.000000 22.000000 23.000000 
24.000000 25.000000 26.000000 27.000000 28.000000 29.000000 
30.000000 31.000000 32.000000 33.000000 34.000000 35.000000 
m_inverseMatrix(M) = 
6 6
-nan -nan -nan -nan -nan -nan 
-nan -nan -nan -nan -nan -nan 
-nan -nan -nan -nan -nan -nan 
-nan -nan -nan -nan -nan -nan 
-nan -nan -nan -nan -nan -nan 
-nan -nan -nan -nan -nan -nan 
This test will take the inverse of the identity
m_inverseMatrix(M) = 
6 6
1.000000 -0.000000 0.000000 -0.000000 0.000000 -0.000000 
-0.000000 1.000000 -0.000000 0.000000 -0.000000 0.000000 
0.000000 -0.000000 1.000000 -0.000000 0.000000 -0.000000 
-0.000000 0.000000 -0.000000 1.000000 -0.000000 0.000000 
0.000000 -0.000000 0.000000 -0.000000 1.000000 -0.000000 
-0.000000 0.000000 -0.000000 0.000000 -0.000000 1.000000 

-------------Test Group 2.0.1 -------------
m_elem_truncate(M) = 
6 6
0.000000 1.000000 2.000000 3.000000 4.000000 5.000000 
6.000000 7.000000 8.000000 9.000000 10.000000 11.000000 
12.000000 13.000000 14.000000 15.000000 16.000000 17.000000 
18.000000 19.000000 20.000000 21.000000 22.000000 23.000000 
24.000000 25.000000 26.000000 27.000000 28.000000 29.000000 
30.000000 31.000000 32.000000 33.000000 34.000000 35.000000 
m_divide_by_constant(M, 6)
m_elem_truncate(M) = 
6 6
0.000000 0.000000 0.000000 0.000000 0.000000 0.000000 
1.000000 1.000000 1.000000 1.000000 1.000000 1.000000 
2.000000 2.000000 2.000000 2.000000 2.000000 2.000000 
3.000000 3.000000 3.000000 3.000000 3.000000 3.000000 
4.000000 4.000000 4.000000 4.000000 4.000000 4.000000 
5.000000 5.000000 5.000000 5.000000 5.000000 5.000000 
m_elem_acos(M) = 
6 6
1.570796 0.000000 nan nan nan nan 
nan nan nan nan nan nan 
nan nan nan nan nan nan 
nan nan nan nan nan nan 
nan nan nan nan nan nan 
nan nan nan nan nan nan 
m_elem_sqrt(M) = 
6 6
0.000000 1.000000 1.414214 1.732051 2.000000 2.236068 
2.449490 2.645751 2.828427 3.000000 3.162278 3.316625 
3.464102 3.605551 3.741657 3.872983 4.000000 4.123106 
4.242641 4.358899 4.472136 4.582576 4.690416 4.795832 
4.898979 5.000000 5.099020 5.196152 5.291503 5.385165 
5.477226 5.567764 5.656854 5.744563 5.830952 5.916080 
m_elem_negate(M) = 
6 6
-0.000000 -1.000000 -2.000000 -3.000000 -4.000000 -5.000000 
-6.000000 -7.000000 -8.000000 -9.000000 -10.000000 -11.000000 
-12.000000 -13.000000 -14.000000 -15.000000 -16.000000 -17.000000 
-18.000000 -19.000000 -20.000000 -21.000000 -22.000000 -23.000000 
-24.000000 -25.000000 -26.000000 -27.000000 -28.000000 -29.000000 
-30.000000 -31.000000 -32.000000 -33.000000 -34.000000 -35.000000 
m_elem_exp(M) = 
6 6
1.000000 2.718282 7.389056 20.085537 54.598150 148.413159 
403.428793 1096.633158 2980.957987 8103.083928 22026.465795 59874.141715 
162754.791419 442413.392009 1202604.284165 3269017.372472 8886110.520508 24154952.753575 
65659969.137331 178482300.963187 485165195.409790 1318815734.483215 3584912846.131592 9744803446.248903 
26489122129.843472 72004899337.385880 195729609428.838776 532048240601.798645 1446257064291.475098 3931334297144.041992 
10686474581524.462891 29048849665247.425781 78962960182680.687500 214643579785916.062500 583461742527454.875000 1586013452313430.750000 

-------------Test Group 2.0.2 -------------
m_elem_pow(M, x) = 
6 6
0.000000 1.000000 4.000000 9.000000 16.000000 25.000000 
36.000000 49.000000 64.000000 81.000000 100.000000 121.000000 
144.000000 169.000000 196.000000 225.000000 256.000000 289.000000 
324.000000 361.000000 400.000000 441.000000 484.000000 529.000000 
576.000000 625.000000 676.000000 729.000000 784.000000 841.000000 
900.000000 961.000000 1024.000000 1089.000000 1156.000000 1225.000000 
m_elem_mult(M, x) = 
6 6
0.000000 2.000000 4.000000 6.000000 8.000000 10.000000 
12.000000 14.000000 16.000000 18.000000 20.000000 22.000000 
24.000000 26.000000 28.000000 30.000000 32.000000 34.000000 
36.000000 38.000000 40.000000 42.000000 44.000000 46.000000 
48.000000 50.000000 52.000000 54.000000 56.000000 58.000000 
60.000000 62.000000 64.000000 66.000000 68.000000 70.000000 
m_elem_divideByConst(M, x) = 
6 6
0.000000 0.500000 1.000000 1.500000 2.000000 2.500000 
3.000000 3.500000 4.000000 4.500000 5.000000 5.500000 
6.000000 6.500000 7.000000 7.500000 8.000000 8.500000 
9.000000 9.500000 10.000000 10.500000 11.000000 11.500000 
12.000000 12.500000 13.000000 13.500000 14.000000 14.500000 
15.000000 15.500000 16.000000 16.500000 17.000000 17.500000 
m_elem_divideByMatrix(M, x) = 
6 6
inf 2.000000 1.000000 0.666667 0.500000 0.400000 
0.333333 0.285714 0.250000 0.222222 0.200000 0.181818 
0.166667 0.153846 0.142857 0.133333 0.125000 0.117647 
0.111111 0.105263 0.100000 0.095238 0.090909 0.086957 
0.083333 0.080000 0.076923 0.074074 0.071429 0.068966 
0.066667 0.064516 0.062500 0.060606 0.058824 0.057143 
m_elem_add(M, x) = 
6 6
2.000000 3.000000 4.000000 5.000000 6.000000 7.000000 
8.000000 9.000000 10.000000 11.000000 12.000000 13.000000 
14.000000 15.000000 16.000000 17.000000 18.000000 19.000000 
20.000000 21.000000 22.000000 23.000000 24.000000 25.000000 
26.000000 27.000000 28.000000 29.000000 30.000000 31.000000 
32.000000 33.000000 34.000000 35.000000 36.000000 37.000000 

-------------Test Group 2.1.0 -------------
m_sumCols(M) = 
1 6
90.000000 96.000000 102.000000 108.000000 114.000000 120.000000 
m_meanCols(M) = 
1 6
15.000000 16.000000 17.000000 18.000000 19.000000 20.000000 

-------------Test Group 2.1.1 -------------
m_sumRows(M) = 
6 1
15.000000 
51.000000 
87.000000 
123.000000 
159.000000 
195.000000 
m_meanRows(M) = 
6 1
2.500000 
8.500000 
14.500000 
20.500000 
26.500000 
32.500000 
m_findNonZeros(M) = 
36 1
1.000000 
1.000000 
1.000000 
1.000000 
1.000000 
2.000000 
2.000000 
2.000000 
2.000000 
2.000000 
3.000000 
3.000000 
3.000000 
3.000000 
3.000000 
3.000000 
4.000000 
4.000000 
4.000000 
4.000000 
4.000000 
4.000000 
5.000000 
5.000000 
5.000000 
5.000000 
5.000000 
6.000000 
6.000000 
6.000000 
6.000000 
0.000000 
0.000000 
0.000000 
0.000000 
0.000000 

-------------Test Group 2.1.2 -------------
A = 
6 6
0.000000 1.000000 2.000000 3.000000 4.000000 5.000000 
6.000000 7.000000 8.000000 9.000000 10.000000 11.000000 
12.000000 13.000000 14.000000 15.000000 16.000000 17.000000 
18.000000 19.000000 20.000000 21.000000 22.000000 23.000000 
24.000000 25.000000 26.000000 27.000000 28.000000 29.000000 
30.000000 31.000000 32.000000 33.000000 34.000000 35.000000 
m_transpose (A) = 
6 6
0.000000 6.000000 12.000000 18.000000 24.000000 30.000000 
1.000000 7.000000 13.000000 19.000000 25.000000 31.000000 
2.000000 8.000000 14.000000 20.000000 26.000000 32.000000 
3.000000 9.000000 15.000000 21.000000 27.000000 33.000000 
4.000000 10.000000 16.000000 22.000000 28.000000 34.000000 
5.000000 11.000000 17.000000 23.000000 29.000000 35.000000 
m_reshape (A, XDIM / 2, YDIM * 2) = 
3 12
0.000000 1.000000 2.000000 3.000000 4.000000 5.000000 6.000000 7.000000 8.000000 9.000000 10.000000 11.000000 
12.000000 13.000000 14.000000 15.000000 16.000000 17.000000 18.000000 19.000000 20.000000 21.000000 22.000000 23.000000 
24.000000 25.000000 26.000000 27.000000 28.000000 29.000000 30.000000 31.000000 32.000000 33.000000 34.000000 35.000000 

-------------Test Group 3 -------------
m_norm (M, specRow) is SKIPPED IN THIS TEST
m_sqrtm(M) = 
6 6
0.000000 1.000000 2.000000 3.000000 4.000000 5.000000 
6.000000 7.000000 8.000000 9.000000 10.000000 11.000000 
12.000000 13.000000 14.000000 15.000000 16.000000 17.000000 
18.000000 19.000000 20.000000 21.000000 22.000000 23.000000 
24.000000 25.000000 26.000000 27.000000 28.000000 29.000000 
30.000000 31.000000 32.000000 33.000000 34.000000 35.000000 
m_determinant(M) = 0.000000
m_cofactor(M) = 
4 4
0.000000 -0.000000 0.000000 -0.000000 
-0.000000 0.000000 -0.000000 0.000000 
0.000000 -0.000000 0.000000 -0.000000 
-0.000000 0.000000 -0.000000 0.000000 
Three-by-Three matrix N
m_cofactor(N) = 
3 3
-3.000000 6.000000 -3.000000 
6.000000 -12.000000 6.000000 
-3.000000 6.000000 -3.000000 
Two-by-Two matrix N
m_cofactor(N) = 
2 2
3.000000 -1.000000 
-2.000000 0.000000 
Identity matrix 6x6 N
m_determinant(N)
1.000000
m_cofactor(N) = 
6 6
1.000000 -0.000000 0.000000 -0.000000 0.000000 -0.000000 
-0.000000 1.000000 -0.000000 0.000000 -0.000000 0.000000 
0.000000 -0.000000 1.000000 -0.000000 0.000000 -0.000000 
-0.000000 0.000000 -0.000000 1.000000 -0.000000 0.000000 
0.000000 -0.000000 0.000000 -0.000000 1.000000 -0.000000 
-0.000000 0.000000 -0.000000 0.000000 -0.000000 1.000000 
Identity matrix 5x5 N
m_determinant(N)
1.000000
m_cofactor(N) = 
5 5
-1.000000 -0.000000 0.000000 -0.000000 0.000000 
-0.000000 -1.000000 -0.000000 0.000000 -0.000000 
0.000000 -0.000000 -1.000000 -0.000000 0.000000 
-0.000000 0.000000 -0.000000 -1.000000 -0.000000 
0.000000 -0.000000 0.000000 -0.000000 -1.000000 
Identity matrix 4x4 N
m_determinant (N)
-1.000000
m_cofactor (N) = 
4 4
-1.000000 -0.000000 0.000000 -0.000000 
-0.000000 -1.000000 -0.000000 0.000000 
0.000000 -0.000000 -1.000000 -0.000000 
-0.000000 0.000000 -0.000000 -1.000000 
Identity matrix 3x3 N
m_determinant (N)
-1.000000
m_cofactor (N) = 
3 3
1.000000 -0.000000 0.000000 
-0.000000 1.000000 -0.000000 
0.000000 -0.000000 1.000000 
Identity matrix 2x2 N
m_determinant (N)
1.000000
m_cofactor (N) = 
2 2
1.000000 -0.000000 
-0.000000 1.000000 
m_covariance(M) = 
65 0


































































-------------Test Group 4 -------------
B =
6 6
-10.000000 -9.000000 -8.000000 -7.000000 -6.000000 -5.000000 
-4.000000 -3.000000 -2.000000 -1.000000 0.000000 1.000000 
2.000000 3.000000 4.000000 5.000000 6.000000 7.000000 
8.000000 9.000000 10.000000 11.000000 12.000000 13.000000 
14.000000 15.000000 16.000000 17.000000 18.000000 19.000000 
20.000000 21.000000 22.000000 23.000000 24.000000 25.000000 
