TrainDatabasePath =

..\LDAIMAGES\Change\ss_tiny_3w

Database, T:

T =

   104   197    63
    78   160    86
   101   171    61
   104   219    64
   113    91   109
    92   137    58
   118   152   100
   124    94    78
   104   119    87
   221    67    89
   215    75    51
   227    75   116


m_database =

  121.3333
  108.0000
  111.0000
  129.0000
  104.3333
   95.6667
  123.3333
   98.6667
  103.3333
  125.6667
  113.6667
  139.3333


A =

  -17.3333   75.6667  -58.3333
  -30.0000   52.0000  -22.0000
  -10.0000   60.0000  -50.0000
  -25.0000   90.0000  -65.0000
    8.6667  -13.3333    4.6667
   -3.6667   41.3333  -37.6667
   -5.3333   28.6667  -23.3333
   25.3333   -4.6667  -20.6667
    0.6667   15.6667  -16.3333
   95.3333  -58.6667  -36.6667
  101.3333  -38.6667  -62.6667
   87.6667  -64.3333  -23.3333


L =

   1.0e+04 *

    2.9727   -2.1400   -0.8327
   -2.1400    3.2180   -1.0780
   -0.8327   -1.0780    1.9107


V =

    0.5774   -0.4693   -0.6682
    0.5774   -0.3440    0.7405
    0.5774    0.8133   -0.0724


D =

   1.0e+04 *

    0.0000         0         0
         0    2.8471         0
         0         0    5.2543