M = 
6 6
0.000000 1.000000 2.000000 3.000000 4.000000 5.000000 
6.000000 7.000000 8.000000 9.000000 10.000000 11.000000 
12.000000 13.000000 14.000000 15.000000 16.000000 17.000000 
18.000000 19.000000 20.000000 21.000000 22.000000 23.000000 
24.000000 25.000000 26.000000 27.000000 28.000000 29.000000 
30.000000 31.000000 32.000000 33.000000 34.000000 35.000000 

-------------Test Group 2.0.0 -------------
m_flipCols(M) = 
6 6
5.000000 4.000000 3.000000 2.000000 1.000000 0.000000 
11.000000 10.000000 9.000000 8.000000 7.000000 6.000000 
17.000000 16.000000 15.000000 14.000000 13.000000 12.000000 
23.000000 22.000000 21.000000 20.000000 19.000000 18.000000 
29.000000 28.000000 27.000000 26.000000 25.000000 24.000000 
35.000000 34.000000 33.000000 32.000000 31.000000 30.000000 
m_normalize(M) = 
6 6
0.000000 0.028571 0.057143 0.085714 0.114286 0.142857 
0.171429 0.200000 0.228571 0.257143 0.285714 0.314286 
0.342857 0.371429 0.400000 0.428571 0.457143 0.485714 
0.514286 0.542857 0.571429 0.600000 0.628571 0.657143 
0.685714 0.714286 0.742857 0.771429 0.800000 0.828571 
0.857143 0.885714 0.914286 0.942857 0.971429 1.000000 
m_normalize(M)
m_elem_mult(M, 35) =
6 6
0.000000 1.000000 2.000000 3.000000 4.000000 5.000000 
6.000000 7.000000 8.000000 9.000000 10.000000 11.000000 
12.000000 13.000000 14.000000 15.000000 16.000000 17.000000 
18.000000 19.000000 20.000000 21.000000 22.000000 23.000000 
24.000000 25.000000 26.000000 27.000000 28.000000 29.000000 
30.000000 31.000000 32.000000 33.000000 34.000000 35.000000 
