------------------------------------------
Subtraction result
------------------------------------------
4 6
0.000000 1.000000 2.000000 3.000000 4.000000 5.000000 
0.000000 1.000000 2.000000 3.000000 4.000000 5.000000 
0.000000 1.000000 2.000000 3.000000 4.000000 5.000000 
0.000000 1.000000 2.000000 3.000000 4.000000 5.000000 
------------------------------------------
A x B result
------------------------------------------
6 6
44.000000 65.000000 86.000000 107.000000 128.000000 149.000000 
38.000000 56.000000 74.000000 92.000000 110.000000 128.000000 
32.000000 47.000000 62.000000 77.000000 92.000000 107.000000 
26.000000 38.000000 50.000000 62.000000 74.000000 86.000000 
20.000000 29.000000 38.000000 47.000000 56.000000 65.000000 
14.000000 20.000000 26.000000 32.000000 38.000000 44.000000 
------------------------------------------
A' x B' result
------------------------------------------
3 3
56.000000 77.000000 98.000000 
77.000000 104.000000 131.000000 
98.000000 131.000000 164.000000 
------------------------------------------
A x A' result
------------------------------------------
6 6
149.000000 128.000000 107.000000 86.000000 65.000000 44.000000 
128.000000 110.000000 92.000000 74.000000 56.000000 38.000000 
107.000000 92.000000 77.000000 62.000000 47.000000 32.000000 
86.000000 74.000000 62.000000 50.000000 38.000000 26.000000 
65.000000 56.000000 47.000000 38.000000 29.000000 20.000000 
44.000000 38.000000 32.000000 26.000000 20.000000 14.000000 
------------------------------------------
A' x A result
------------------------------------------
3 3
91.000000 112.000000 133.000000 
112.000000 139.000000 166.000000 
133.000000 166.000000 199.000000 
------------------------------------------
A copy result
------------------------------------------
6 3
6.000000 7.000000 8.000000 
5.000000 6.000000 7.000000 
4.000000 5.000000 6.000000 
3.000000 4.000000 5.000000 
2.000000 3.000000 4.000000 
1.000000 2.000000 3.000000 
------------------------------------------
calcSurrogateMatrix result
------------------------------------------
3 3
91.000000 112.000000 133.000000 
112.000000 139.000000 166.000000 
133.000000 166.000000 199.000000 
------------------------------------------
calcMeanCol result
------------------------------------------
6 1
7.000000 
6.000000 
5.000000 
4.000000 
3.000000 
2.000000 
------------------------------------------
eigenvectors of (A' x A) result
------------------------------------------
3 3
0.459028 0.789067 0.408248 
0.570173 0.090750 -0.816497 
0.681319 -0.607567 0.408248 
